BoundingName | ModelName | Positions | BoundingScale | ModelScale | Model Rotation | Bounding Rotation | Offset | Mass 	//numberOfBodies on first line
9#
box0,cube,0,0,0,35,0.075,35,35,0.1,35,0,0,0,0,0,0,0,0,0,0,
box1,house,12.5905,1.60493,-9.48601,2.31,1.53,2.52,0.006,0.006,0.006,0,0,0,0,0,0,-1.49012e-08,-1.49012e-08,-0.6,0,
box2,oiltank,-7.92845,3.36493,10.0955,2.05,3.26,1.23,0.131,0.131,0.131,0,0,0,0,0,0,-0.4,-0.3,0,0,
box3,carpile,-3.26963,1.48496,1.33826,1.14,1.43,2.45,0.009,0.009,0.009,0,0,0,0,0,0,3,0.4,0,0,
box4,cube,-0.321702,0.554942,1.48369,0.93,0.51,2.44,0.019,0.019,0.019,0,0,0,0,0,0,0,0,0,0,
box5,car,7.95505,0.754984,13.0545,1.38,0.7,2.9,0.012,0.012,0.012,0,348.6,0,0,0,0,0,0,0,0,
box6,cube,-1.69239,0.61492,-2.77834,2.35,0.57,0.94,0.012,0.012,0.012,0,182.4,0,0,0,0,0,0,0,0,
box7,cube,8.01052,0.435,-15.2095,0.43,0.36,0.38,0.359999,0.359999,0.359999,0,183.4,0,6.75878e-08,0.338099,-6.68969e-08,0,0.3,0,0.133333,
sphere0,sphere,-5.62465,0.505,-18.1502,0.35,0.359999,0.359999,0.359999,0.25,

